4240
112	206	7
237	166	4
218	132	6
267	133	10
208	240	10
123	180	10
47	233	4
110	166	4
60	269	10
264	157	10
243	226	4
111	274	10
111	86	10
202	226	4
0	191	4
157	188	4
21	54	4
207	52	9
16	114	7
190	226	4
140	179	4
98	274	10
242	95	10
85	51	10
200	93	4
241	227	10
244	134	7
120	216	4
124	55	9
111	68	10
37	114	7
96	59	10
145	93	4
266	185	4
87	275	4
63	6	6
197	238	10
63	167	9
244	110	10
173	220	10
241	259	10
241	161	10
199	191	4
264	70	10
145	183	10
175	134	7
66	109	9
26	127	10
245	176	10
244	190	10
60	169	10
33	98	10
111	165	9
159	137	10
60	247	10
169	104	4
124	227	10
274	108	4
244	38	10
170	109	9
222	142	6
33	76	10
33	135	10
148	52	9
9	167	9
107	104	4
101	209	10
5	242	10
112	260	10
149	55	9
202	6	6
232	226	4
99	120	10
264	255	10
60	83	10
208	51	10
74	121	9
111	275	4
96	44	10
77	142	6
7	239	10
269	93	4
187	13	6
241	111	10
186	210	4
238	111	10
1	165	9
220	6	6
44	230	4
148	275	4
96	21	10
259	256	7
202	76	10
33	87	10
106	47	10
158	196	8
40	233	4
23	114	7
138	133	10
72	164	9
238	123	5
244	132	6
0	132	6
68	275	4
274	109	9
203	133	10
197	28	10
244	269	10
102	132	6
205	204	8
95	69	7
96	209	10
197	40	10
242	148	10
84	191	4
130	275	4
114	13	3
240	6	6
197	6	6
143	188	4
60	21	10
115	204	4
197	201	10
101	92	9
111	157	10
14	92	9
56	142	3
212	92	9
255	22	7
150	233	4
128	8	7
80	22	5
203	157	10
222	115	10
270	179	4
273	191	4
112	6	6
245	201	10
174	191	4
141	210	4
241	190	10
239	169	10
209	132	6
143	166	4
187	89	7
266	184	9
159	95	10
207	109	9
242	53	10
26	178	10
133	109	9
267	132	6
159	179	4
21	191	4
7	6	6
25	157	10
176	233	4
244	50	10
245	121	9
78	233	4
199	263	4
72	105	4
40	179	4
49	93	4
197	108	4
95	94	7
225	185	4
199	179	4
117	13	6
33	6	6
242	204	8
231	142	6
241	233	4
173	98	10
60	220	10
207	226	8
267	209	10
267	36	5
205	98	10
238	90	10
255	226	4
118	80	10
76	224	7
39	233	4
256	13	3
88	166	4
153	152	8
244	170	10
85	190	10
205	6	6
25	193	4
138	190	10
209	92	9
59	56	5
78	261	7
159	247	10
95	275	4
161	167	9
175	213	5
141	211	9
27	192	10
83	54	4
245	4	10
241	269	10
238	118	10
242	98	10
159	243	10
175	69	7
40	19	4
0	179	4
138	43	10
10	114	7
126	36	7
223	98	10
159	260	10
128	54	4
265	242	10
249	114	7
238	35	10
139	216	4
242	130	10
85	104	4
99	261	7
80	191	4
274	188	4
183	193	4
111	175	10
73	136	7
60	148	10
159	9	10
199	132	6
145	8	7
140	6	6
96	7	10
218	92	9
110	54	4
140	232	10
96	263	4
173	44	10
212	22	5
159	26	5
241	133	10
192	256	7
170	167	9
241	179	4
158	179	4
77	252	9
26	13	3
232	6	6
194	143	10
173	102	10
25	136	7
126	191	4
159	77	10
238	9	10
178	8	7
173	130	10
118	251	4
78	211	9
183	92	9
39	92	9
154	179	4
117	22	7
48	104	4
159	68	10
141	134	7
5	62	10
154	251	4
267	123	5
202	133	10
111	169	10
79	104	4
203	6	6
81	226	4
178	142	6
111	230	4
242	8	7
5	179	4
222	104	4
7	54	4
17	265	7
249	121	9
247	142	6
44	246	5
159	89	7
96	191	4
138	36	5
241	169	10
25	132	6
106	43	10
208	2	10
239	157	10
101	237	10
138	161	10
222	6	6
89	13	3
14	196	4
163	121	9
101	7	10
254	230	4
270	132	6
44	185	4
159	90	10
88	22	5
73	188	4
60	256	7
241	83	10
173	260	10
37	108	4
2	3	4
26	232	10
5	196	4
91	121	9
265	63	10
5	199	10
172	89	7
145	104	4
38	164	9
90	6	6
98	230	4
205	268	10
158	68	10
133	105	4
267	179	4
225	100	4
25	87	10
238	137	10
170	226	4
118	185	4
124	86	10
174	104	4
241	231	10
241	275	8
44	69	7
190	104	4
16	113	4
242	263	4
112	52	9
156	226	4
38	229	4
87	132	6
129	142	6
172	160	7
98	268	10
115	6	6
157	149	10
242	260	10
124	28	10
242	7	10
241	104	4
203	226	4
209	274	10
59	52	9
186	271	9
241	204	8
264	37	10
224	81	10
173	216	8
25	267	10
76	52	9
178	22	5
153	196	4
84	136	7
194	36	5
23	113	4
270	43	10
74	104	4
217	22	5
214	142	6
173	142	6
34	132	3
175	136	7
195	179	4
40	52	9
17	132	6
118	176	10
254	185	4
218	208	7
145	178	10
63	104	4
181	15	7
238	221	10
48	210	4
118	166	4
131	184	9
50	179	4
270	92	9
45	132	6
243	105	4
123	190	10
5	100	8
247	31	9
148	165	9
205	118	10
2	233	4
151	104	4
49	52	9
205	85	10
101	115	10
60	87	10
23	105	4
242	10	10
16	108	4
148	230	4
80	179	4
185	184	0
173	53	10
5	241	10
224	14	10
78	226	4
209	76	10
106	13	6
145	233	4
265	232	10
80	3	4
161	275	4
111	84	10
2	132	6
244	191	4
94	132	3
5	233	4
67	230	4
63	166	4
118	81	10
175	92	9
242	269	10
225	105	4
245	166	4
51	233	4
267	52	9
245	128	10
81	89	7
208	87	10
265	181	10
123	74	10
241	7	10
33	84	10
45	250	9
138	76	10
175	52	9
60	102	10
163	191	4
76	233	4
237	52	9
141	93	4
173	209	10
1	185	4
223	148	10
150	104	4
138	259	10
123	86	10
78	250	9
239	183	10
54	55	0
203	87	10
101	100	8
80	146	4
57	55	9
274	52	9
63	114	7
138	87	10
186	93	4
242	42	10
107	262	10
267	157	10
33	133	10
187	250	9
90	13	6
101	136	7
25	51	10
173	10	10
76	132	6
220	92	9
173	148	10
98	121	9
110	188	4
128	219	5
0	108	4
172	116	5
264	10	10
112	191	4
131	191	4
195	213	5
177	8	7
191	179	1
201	210	4
17	121	9
264	137	10
186	52	9
148	251	4
197	13	6
114	6	3
195	233	4
170	93	4
83	52	9
48	146	4
84	198	7
141	250	9
81	134	5
159	23	10
201	92	9
80	132	6
27	129	10
205	35	10
120	224	7
90	167	9
270	226	4
274	275	4
241	220	10
262	13	6
153	115	10
106	133	10
260	256	7
254	6	6
145	95	10
68	132	6
205	95	10
217	92	9
268	8	7
76	104	4
63	263	4
129	56	5
73	261	7
177	108	4
25	48	10
183	204	4
97	183	10
206	6	3
7	52	9
244	14	10
141	75	9
25	274	10
173	84	10
83	167	9
266	242	10
149	275	4
5	56	5
122	179	4
14	3	4
74	132	6
242	13	6
112	249	10
37	92	9
264	237	10
38	226	4
241	47	10
218	226	4
33	68	10
224	50	10
267	87	10
178	105	4
49	250	9
241	272	10
238	272	10
96	111	10
106	199	10
40	92	9
178	13	6
241	263	4
194	13	6
126	233	4
69	13	3
181	104	4
107	115	10
96	126	10
138	272	10
33	118	10
57	166	4
245	99	10
85	50	10
217	13	6
270	259	10
197	39	10
168	248	7
4	271	9
231	252	9
181	213	5
118	230	4
45	75	9
173	157	10
49	92	9
202	135	10
2	104	4
194	128	10
80	210	4
209	2	10
67	185	4
73	191	4
60	84	10
73	132	6
87	263	4
92	52	2
25	86	10
245	109	9
238	10	10
138	85	10
85	48	10
138	72	10
133	68	10
9	204	4
149	104	4
240	166	4
173	160	7
72	13	6
124	48	10
83	55	9
157	52	9
203	85	10
223	169	10
188	113	1
159	191	4
266	166	4
268	188	4
85	14	10
50	234	4
102	54	4
133	256	7
83	13	6
199	6	6
145	191	4
238	249	10
112	126	10
223	85	10
122	104	4
170	108	4
41	256	7
273	233	4
32	132	6
77	275	4
117	89	7
159	127	10
255	69	7
106	226	4
96	275	8
65	263	4
242	183	10
107	249	10
15	132	3
101	134	7
120	226	4
117	226	4
118	73	10
255	132	6
138	52	9
14	134	7
161	13	6
63	58	5
222	191	4
59	58	7
183	179	4
157	216	4
168	160	7
21	213	5
80	211	9
190	210	4
223	118	10
173	269	10
91	6	6
194	142	6
257	13	6
163	233	4
5	6	6
57	92	9
194	113	4
67	166	4
124	39	10
35	104	4
2	52	9
244	86	10
197	149	10
33	111	10
50	119	4
96	178	10
33	208	7
187	92	9
118	175	10
238	37	10
60	6	6
173	227	10
241	51	10
190	191	4
22	21	10
70	108	4
2	75	9
245	50	10
37	166	4
240	104	4
175	191	4
160	13	3
73	108	4
238	76	10
245	171	10
103	6	6
197	45	10
180	233	4
202	85	10
138	7	10
38	182	7
86	210	4
1	114	7
208	6	3
38	13	6
124	142	6
85	92	9
84	226	4
60	43	10
40	226	4
96	274	10
157	13	6
222	165	9
138	21	10
158	133	10
238	108	4
123	48	10
264	43	10
149	108	4
245	172	10
27	79	10
95	134	7
163	179	4
83	6	6
159	84	10
60	47	10
166	167	0
98	55	9
218	8	7
175	250	9
138	207	10
17	104	4
24	132	6
78	134	7
209	52	9
140	191	4
124	151	10
101	275	8
138	209	10
176	52	9
244	6	6
242	191	4
96	183	10
111	85	10
170	104	4
177	191	4
159	161	10
270	72	10
194	191	4
203	209	10
183	136	7
209	35	10
158	190	10
49	271	9
244	130	10
173	275	8
212	179	4
186	104	4
273	69	7
138	95	10
244	179	4
242	199	10
266	263	8
183	248	7
38	230	4
106	206	7
21	104	4
264	8	7
203	95	10
173	42	10
240	191	4
33	36	5
192	226	4
202	132	6
51	93	4
215	251	4
151	119	4
241	243	10
163	109	9
76	55	9
18	179	4
238	6	6
225	229	4
35	204	4
173	126	10
59	105	4
187	179	4
96	258	10
224	2	10
173	68	10
97	169	10
260	104	4
141	132	6
206	132	3
76	167	9
172	226	4
57	54	4
99	8	7
223	133	10
106	104	4
254	132	6
197	113	4
238	93	4
85	81	10
81	92	9
138	231	10
242	179	4
183	233	4
206	142	3
20	132	3
58	142	3
218	272	10
151	52	9
99	226	4
175	271	9
159	6	6
96	27	10
173	37	10
202	35	10
259	31	9
238	8	7
0	142	6
140	113	4
106	262	10
60	58	5
216	52	0
259	233	4
32	191	4
177	113	4
242	43	10
65	56	5
60	53	10
265	241	10
123	186	10
203	233	4
197	190	10
151	210	4
270	231	10
269	226	4
174	193	4
99	142	6
60	70	10
199	253	4
111	164	9
63	54	4
85	216	4
198	13	3
241	262	10
37	142	6
4	22	5
212	114	7
2	271	9
241	207	10
123	4	10
1	230	4
242	84	10
7	108	4
52	92	2
222	56	5
48	250	9
245	190	10
48	92	9
115	100	4
264	260	10
202	179	4
149	93	4
264	226	4
242	178	10
80	75	9
98	84	10
57	109	9
190	179	4
222	185	4
2	191	4
261	6	3
72	275	4
244	151	10
60	131	10
274	216	4
199	114	7
57	52	9
218	104	4
143	109	9
241	21	10
113	121	0
173	136	7
255	52	9
60	160	7
61	6	3
107	126	10
26	129	10
96	115	10
101	52	9
173	183	10
14	52	9
242	72	10
223	36	5
129	64	7
85	201	10
66	114	7
207	92	9
86	211	9
123	238	10
259	132	6
25	186	10
244	167	9
274	22	7
37	240	10
25	5	10
7	121	9
201	146	4
110	108	4
110	167	9
118	45	10
77	31	9
244	54	4
197	80	10
124	45	10
267	269	10
10	204	4
192	233	4
245	2	10
130	188	4
153	92	9
183	263	4
267	130	10
96	259	10
241	43	10
96	169	10
148	49	10
176	136	7
60	263	4
203	118	10
245	28	10
157	108	4
263	52	0
0	36	5
138	130	10
265	199	10
223	68	10
238	109	9
17	109	9
173	178	10
200	233	4
183	196	4
98	85	10
242	137	10
124	54	4
96	227	10
267	118	10
31	162	2
85	275	4
201	104	4
245	227	10
60	259	10
138	70	10
157	130	10
267	85	10
81	271	9
25	120	10
82	13	3
238	70	10
112	90	10
264	178	10
223	209	10
101	83	10
17	206	7
264	135	10
270	199	10
4	179	4
209	268	10
223	226	4
194	108	4
138	27	10
205	137	10
158	136	7
268	188	8
238	7	10
235	52	9
113	108	1
140	226	8
254	184	9
245	45	10
209	84	10
223	183	10
232	104	4
118	167	9
49	104	4
238	258	10
112	104	4
101	132	6
14	132	6
200	226	4
169	226	4
29	31	0
205	120	10
85	39	10
267	169	10
245	238	10
118	149	10
178	261	7
123	130	10
197	73	10
163	113	4
60	237	10
244	28	10
178	31	9
137	92	9
60	105	8
23	52	9
138	10	10
96	189	10
247	230	4
264	102	10
209	183	10
245	93	8
106	90	10
112	142	6
33	104	4
209	108	4
65	92	9
44	252	9
44	233	4
2	69	7
45	179	4
242	51	10
181	132	6
35	132	6
223	104	4
202	268	10
95	136	7
172	36	5
33	157	10
146	75	0
264	259	10
154	13	6
243	104	4
161	198	7
268	113	4
174	108	4
173	127	10
270	6	6
203	111	10
90	142	6
223	52	9
32	114	7
148	180	10
27	21	10
273	179	4
245	132	6
50	210	4
138	111	10
205	225	10
183	134	7
222	251	4
265	132	3
130	179	4
249	108	4
25	35	10
170	6	6
232	233	4
14	271	9
267	111	10
84	216	4
245	130	10
180	93	4
138	132	6
95	233	4
245	78	10
9	121	9
78	93	4
96	265	7
56	62	10
25	226	4
245	269	10
50	22	7
158	56	5
245	114	7
86	119	4
96	120	10
98	204	4
247	185	4
41	13	6
199	13	6
217	52	9
141	142	6
187	271	9
112	92	9
185	251	1
159	85	10
140	108	4
173	247	10
158	132	6
64	13	3
25	169	10
177	6	6
98	6	6
159	72	10
173	70	10
151	191	4
203	169	10
74	226	4
124	132	6
110	22	5
118	150	10
266	132	6
264	35	10
107	179	4
267	51	10
267	95	10
85	200	10
118	187	10
63	55	9
33	209	10
183	132	6
264	189	10
9	105	4
60	37	10
84	275	4
59	54	4
59	132	6
111	134	7
269	191	4
183	69	7
128	191	4
245	51	10
241	192	10
173	237	10
241	148	10
222	132	6
86	196	4
84	193	4
95	179	4
91	62	10
174	89	7
158	85	10
129	6	6
14	211	9
96	225	10
187	132	6
35	108	4
115	275	4
91	63	10
153	52	9
211	271	2
218	233	4
24	6	6
17	92	9
27	113	4
172	233	4
35	92	9
139	132	6
180	75	9
153	6	6
158	134	7
83	132	6
91	232	10
36	132	3
238	87	10
222	256	7
242	6	6
23	55	9
87	233	4
225	165	9
40	134	7
178	22	7
138	189	10
96	10	10
264	53	10
96	148	10
60	7	10
0	9	10
205	157	10
259	29	4
254	104	4
115	92	9
60	274	10
45	233	4
90	275	4
25	14	10
200	191	4
173	131	10
269	52	9
123	38	10
118	51	10
91	265	7
264	161	10
161	114	7
79	226	4
232	92	9
173	134	7
197	151	10
129	109	9
33	120	10
208	95	10
107	133	10
212	191	4
201	250	9
36	239	10
238	211	9
79	22	5
14	226	4
194	132	6
197	132	6
242	255	10
137	114	7
244	74	10
107	260	10
98	164	9
238	104	4
173	233	4
264	98	10
106	8	7
120	204	4
85	187	10
118	200	10
209	120	10
176	211	9
192	104	4
85	226	4
174	52	9
244	273	10
87	104	4
9	100	4
183	216	4
147	48	10
33	132	6
138	37	10
241	157	10
157	179	4
202	191	4
150	226	4
241	42	10
129	233	4
194	238	10
50	211	9
80	93	4
159	133	10
57	253	4
267	183	10
215	142	6
203	268	10
267	8	7
33	225	10
223	191	4
99	179	4
241	27	10
238	190	10
207	108	4
158	84	10
115	142	6
128	188	4
253	52	0
25	268	10
1	164	9
197	109	9
16	121	9
186	92	9
181	263	4
220	164	9
25	183	10
91	241	10
72	165	9
120	188	8
268	89	7
27	6	6
24	52	9
133	275	4
24	208	7
159	178	10
159	190	10
0	209	10
96	53	10
99	121	9
123	128	10
203	261	7
267	84	10
239	92	9
110	233	4
91	83	10
201	226	4
251	185	1
187	226	4
148	55	9
205	179	4
172	179	4
77	230	4
245	180	10
102	6	6
91	56	5
138	233	4
32	179	4
77	89	7
26	132	3
107	47	10
141	179	4
238	179	4
183	13	6
183	142	6
169	132	6
49	191	4
129	104	4
63	109	9
37	105	4
101	58	5
197	78	10
99	132	6
110	6	6
173	262	10
274	233	4
241	149	10
215	252	9
264	21	10
109	121	2
208	84	10
264	268	10
85	2	10
205	196	4
124	149	10
202	169	10
158	191	4
62	179	4
138	221	10
57	121	9
172	29	4
70	113	4
14	119	4
264	148	10
138	77	10
96	237	10
68	263	4
201	191	4
207	113	4
65	52	9
81	52	9
255	108	4
149	166	4
202	87	10
4	93	4
153	191	4
27	226	8
256	132	3
241	274	10
168	132	6
200	92	9
240	93	4
143	179	4
241	9	10
195	251	4
32	52	9
238	227	10
163	104	4
73	109	9
135	114	7
17	9	10
242	105	8
235	28	10
27	26	7
140	181	10
195	142	6
241	52	9
110	261	7
128	167	9
264	104	4
158	118	10
202	111	10
99	188	4
199	204	4
40	75	9
33	8	7
115	52	9
96	134	7
203	183	10
264	84	10
97	68	10
11	13	3
186	250	9
37	167	9
173	51	10
86	179	4
72	89	5
264	85	10
9	275	4
217	226	4
107	191	4
124	78	10
269	198	7
0	237	10
21	248	7
85	227	10
209	134	5
223	208	7
187	233	4
178	275	4
239	87	10
118	40	10
91	263	8
60	36	5
205	274	10
159	8	7
123	149	10
60	157	10
238	207	10
148	146	8
242	23	10
181	92	9
107	105	8
106	179	4
262	113	4
72	142	6
208	76	10
129	61	7
122	13	6
241	132	6
84	233	4
224	180	10
169	52	9
264	269	10
259	164	9
186	13	6
205	233	4
118	227	10
128	166	4
223	274	10
264	231	10
50	22	5
137	204	4
32	233	4
192	132	6
259	179	4
38	104	4
148	134	7
238	44	10
23	226	8
68	166	4
51	250	9
173	104	4
106	92	9
50	261	7
68	104	4
274	179	4
183	147	5
145	149	10
270	228	8
85	40	10
50	3	4
241	37	10
80	52	9
267	135	10
123	73	10
203	35	10
120	52	9
102	114	7
148	201	10
14	75	9
37	13	6
106	52	9
158	111	10
259	184	9
202	118	10
123	50	10
260	233	4
90	52	9
173	243	10
212	226	4
214	92	9
24	134	7
257	92	9
242	221	10
175	93	4
130	226	4
66	121	9
99	100	8
68	97	7
154	89	7
137	132	6
269	75	9
205	8	7
17	7	10
124	121	9
57	226	8
264	169	10
7	275	4
98	108	4
86	75	9
106	6	6
245	48	10
147	201	10
99	113	4
175	196	4
147	49	10
45	271	9
218	36	5
72	230	4
118	2	10
44	29	4
199	152	4
266	252	9
274	248	7
268	104	4
40	250	9
60	225	10
85	136	7
168	13	6
124	187	10
88	109	9
23	92	9
40	196	4
88	104	4
58	132	3
241	183	10
177	166	4
83	213	7
88	142	6
238	72	10
273	93	4
106	136	7
202	36	5
241	8	7
170	13	6
173	207	10
79	191	4
203	120	10
269	179	4
137	52	9
123	201	10
270	90	10
264	132	6
273	108	4
115	132	6
135	275	4
97	268	10
10	83	10
161	105	4
4	69	7
96	255	10
96	92	9
96	85	10
98	120	10
163	226	4
131	142	6
138	192	10
173	221	10
126	104	4
73	121	9
37	226	8
133	54	4
239	208	5
77	184	9
214	198	7
225	166	4
120	104	4
117	104	4
231	29	4
154	252	9
95	100	4
67	165	9
4	134	5
25	188	4
254	164	9
238	274	10
17	56	5
21	89	7
60	120	10
37	239	10
238	113	4
25	263	8
24	204	8
244	143	10
96	51	10
240	167	9
264	51	10
72	229	4
68	52	9
145	6	6
246	142	3
178	132	6
244	180	10
240	188	4
203	225	10
60	207	10
60	137	10
241	77	10
157	226	4
240	208	5
150	179	4
151	93	4
39	93	4
107	6	6
107	58	5
159	115	10
197	55	9
264	126	10
85	210	8
209	201	10
56	65	10
202	206	7
257	114	7
267	225	10
25	196	8
194	121	9
241	98	10
262	142	6
209	100	4
45	191	4
44	104	4
176	179	4
101	179	4
202	95	10
14	179	4
81	233	4
124	200	10
85	175	10
264	36	5
241	131	10
128	93	4
4	210	4
242	189	10
149	233	4
44	13	6
87	191	4
60	149	10
173	258	10
247	251	4
63	108	4
202	208	7
24	263	4
242	133	10
159	69	7
173	190	10
97	6	3
96	102	10
24	104	4
232	206	7
264	256	7
244	193	8
73	104	4
32	92	9
273	104	4
203	104	4
85	198	7
80	92	9
157	188	8
65	233	4
252	184	2
264	58	5
178	6	6
60	243	10
264	133	10
96	136	7
192	22	5
74	233	4
129	121	9
118	48	10
67	229	4
267	120	10
23	108	4
110	179	4
242	190	10
82	132	3
133	226	8
238	148	10
254	229	4
173	133	10
225	275	4
197	4	10
225	54	4
245	200	10
60	9	10
88	167	9
138	179	4
225	3	8
268	204	4
81	179	4
26	79	10
81	250	9
249	275	4
111	95	10
35	179	4
254	191	4
137	275	4
197	121	9
16	109	9
17	188	4
24	25	10
242	77	10
2	211	9
111	76	10
194	193	8
242	161	10
149	179	4
117	22	5
190	182	7
244	49	10
264	227	10
81	3	4
202	137	10
1	184	9
158	109	9
240	179	4
99	108	4
23	109	9
242	115	10
239	179	4
203	84	10
107	37	10
1	251	4
27	166	4
241	70	10
51	261	7
35	196	4
25	95	10
38	165	9
81	142	6
60	262	10
112	132	6
209	51	10
264	183	10
21	261	7
138	84	10
158	226	4
169	191	4
111	8	7
115	253	4
48	226	4
66	113	4
67	164	9
168	213	5
240	113	4
5	263	8
85	180	10
223	132	6
148	48	10
63	121	9
240	121	9
222	152	8
242	90	10
96	231	10
148	164	9
99	87	10
159	189	10
203	58	5
59	167	9
112	72	10
120	132	6
117	132	6
159	249	10
241	237	10
149	54	4
244	73	10
98	54	4
255	188	4
123	200	10
98	183	10
86	226	4
158	97	7
24	36	5
100	52	0
17	237	10
107	52	9
106	132	6
101	9	10
60	249	10
67	167	9
205	191	4
267	148	10
186	233	4
249	52	9
138	275	8
118	269	10
268	142	6
63	233	4
40	210	4
124	80	10
241	105	8
9	109	9
203	148	10
140	199	10
259	185	4
267	216	8
190	275	4
123	240	10
78	75	9
108	109	0
91	52	9
138	199	10
95	263	4
174	179	4
138	237	10
96	77	10
10	196	8
267	191	4
269	210	4
207	121	9
148	100	4
88	191	4
21	71	7
148	229	4
267	268	10
175	75	9
172	108	4
158	157	10
101	142	6
209	85	10
244	36	5
208	157	10
118	54	4
80	271	9
106	134	7
180	132	6
96	133	10
247	165	9
224	40	10
118	132	6
201	52	9
41	6	6
197	166	4
214	253	4
118	39	10
176	210	4
264	209	10
153	233	4
257	132	6
238	131	10
36	240	10
85	193	4
209	169	10
157	233	4
87	216	4
2	89	7
183	104	4
173	59	10
129	179	4
241	35	10
37	113	4
96	157	10
192	167	9
238	236	5
223	35	10
192	252	9
124	73	10
121	109	2
197	2	10
138	68	10
274	13	6
50	226	4
225	164	9
112	47	10
133	167	9
194	149	10
39	210	4
27	144	10
267	104	4
97	85	10
44	251	4
62	226	4
187	3	4
177	167	9
36	142	3
153	142	6
241	135	10
158	206	7
96	52	9
85	179	4
96	268	10
260	179	4
51	132	6
60	227	10
205	208	7
265	83	10
143	54	4
96	84	10
99	85	10
79	179	4
231	275	4
88	113	4
37	52	9
118	4	10
111	48	10
120	54	4
117	54	4
98	95	10
208	68	10
268	52	9
41	132	6
38	248	7
209	240	10
222	252	9
205	36	5
138	98	10
95	191	4
73	93	4
151	134	5
225	30	8
107	53	10
65	100	4
195	104	4
66	13	6
106	259	10
159	76	10
112	259	10
255	29	4
180	136	7
12	13	6
77	164	9
63	56	5
133	87	10
241	10	10
111	240	10
85	176	10
172	6	6
158	142	6
49	75	9
239	120	10
96	43	10
50	93	4
244	93	8
183	89	7
192	13	6
47	191	4
86	104	4
242	83	10
173	189	10
123	141	10
60	77	10
101	206	7
241	137	10
270	249	10
174	233	4
128	22	5
123	49	10
242	149	10
150	75	9
76	166	4
86	134	7
203	36	5
118	201	10
21	233	4
107	36	5
40	132	6
5	104	4
209	267	10
129	13	6
0	208	5
205	84	10
158	87	10
158	76	10
197	187	10
25	176	10
147	132	3
241	260	10
22	132	3
140	121	9
145	52	9
59	65	10
14	210	4
112	26	5
9	92	9
67	134	7
173	274	10
74	261	7
141	271	9
238	52	9
267	68	10
173	9	10
94	13	3
220	275	4
197	49	10
10	65	10
173	52	9
159	216	8
35	113	4
99	109	9
201	271	9
273	13	6
27	132	6
219	6	3
245	36	5
148	80	10
264	9	10
199	228	4
235	50	10
120	55	9
74	113	4
124	108	4
117	55	9
153	256	7
96	161	10
140	56	5
195	100	4
165	164	2
244	238	10
98	169	10
239	196	4
218	34	5
244	176	10
224	132	3
124	4	10
122	233	4
241	76	10
112	233	4
81	69	7
138	256	7
170	54	4
66	179	4
73	113	4
9	55	9
170	206	5
110	142	6
85	4	10
50	52	9
66	108	4
145	231	10
173	83	10
4	75	9
268	6	6
79	233	4
243	92	9
79	132	6
60	95	10
231	165	9
48	233	4
48	132	6
177	22	5
270	56	5
264	149	10
158	100	8
48	134	7
223	204	8
205	226	4
2	210	4
80	104	4
262	105	4
157	196	4
91	93	4
157	160	7
135	92	9
143	167	9
60	35	10
241	268	10
78	142	6
96	135	10
4	250	9
176	226	4
267	190	10
223	135	10
96	233	4
223	6	6
96	269	10
68	182	7
217	104	4
197	200	10
266	54	4
235	229	4
124	150	10
222	36	5
78	191	4
245	110	10
182	132	3
17	93	4
96	35	10
245	113	4
203	68	10
7	105	4
269	250	9
138	262	10
200	250	9
208	239	10
57	6	6
238	183	10
267	274	10
264	111	10
266	114	7
88	13	6
266	251	4
202	204	8
151	179	4
201	179	4
238	210	4
254	115	10
140	242	10
10	275	4
274	263	4
242	87	10
262	132	6
96	90	10
27	193	4
159	274	10
133	55	9
239	84	10
201	3	4
21	20	7
270	47	10
21	166	4
36	6	3
245	55	9
183	52	9
21	22	7
25	175	10
168	261	7
238	191	4
103	114	7
264	27	10
245	150	10
98	109	9
238	77	10
224	151	10
267	35	10
203	135	10
264	59	10
49	233	4
208	85	10
17	100	8
124	166	4
274	191	4
39	132	6
0	121	9
157	134	7
181	233	4
151	92	9
224	201	10
208	86	10
124	175	10
183	6	6
90	114	7
270	233	4
155	13	3
241	134	7
215	114	7
20	13	3
112	179	4
59	142	6
244	58	5
86	3	4
201	233	4
173	7	10
62	6	6
96	260	10
123	110	10
83	82	5
110	93	4
267	208	5
135	132	6
44	136	7
110	226	4
238	149	10
175	104	4
124	6	6
83	219	5
111	201	10
138	255	10
107	72	10
192	229	4
32	115	10
223	268	10
106	142	6
124	2	10
268	263	4
239	268	10
205	87	10
138	226	4
60	85	10
111	132	6
68	54	4
210	211	0
96	130	10
149	109	9
159	93	4
39	211	9
140	109	9
231	184	9
202	52	9
60	118	10
48	75	9
21	6	6
111	229	4
44	165	9
234	75	0
67	54	4
81	13	6
7	100	4
266	62	10
267	227	10
199	104	4
5	261	7
90	54	4
62	52	9
67	55	9
119	75	0
158	121	9
241	87	10
194	130	10
105	52	0
102	275	4
151	250	9
240	226	4
124	109	9
242	272	10
202	196	4
60	13	6
76	216	4
145	255	10
151	211	9
98	229	4
112	261	7
91	109	9
111	87	10
169	233	4
2	93	4
168	69	7
118	14	10
172	123	5
238	95	10
101	44	10
124	128	10
50	92	9
96	262	10
153	179	4
30	75	0
245	49	10
209	157	10
39	250	9
243	52	9
107	43	10
261	13	3
223	84	10
149	191	4
148	92	9
38	261	7
231	185	4
209	8	5
138	127	10
241	13	6
101	6	6
236	6	3
106	53	10
59	13	6
112	53	10
231	164	9
128	142	6
20	142	3
111	267	10
12	114	7
175	233	4
82	142	3
60	268	10
44	22	5
138	247	10
18	104	4
173	135	10
88	6	6
204	52	0
245	151	10
77	251	4
205	52	9
264	131	10
102	13	6
239	13	6
88	55	9
149	132	6
78	248	7
242	209	10
241	126	10
44	100	4
149	134	7
209	5	10
123	175	10
265	62	10
106	72	10
73	134	5
96	243	10
181	179	4
203	76	10
123	269	10
178	29	4
175	13	6
114	142	3
39	104	4
173	272	10
98	167	9
248	142	3
274	69	7
153	56	5
238	260	10
231	31	9
126	92	9
235	92	9
207	105	4
177	233	4
241	6	6
192	69	7
123	78	10
85	171	10
123	2	10
137	6	6
157	136	7
153	104	4
95	188	8
96	23	10
225	230	4
138	157	10
225	55	9
68	188	8
173	21	10
60	130	10
255	121	9
232	263	4
190	233	4
4	226	4
207	114	7
268	196	4
68	134	7
209	175	10
173	225	10
205	148	10
264	263	4
245	81	10
112	13	6
181	213	7
27	233	4
123	227	10
173	206	7
131	185	4
111	216	4
118	165	9
242	76	10
238	121	9
159	149	10
220	165	9
24	92	9
174	113	4
180	146	4
223	76	10
35	121	9
118	141	10
239	132	6
190	250	9
18	226	4
60	8	7
4	211	9
244	26	5
78	234	4
192	166	4
264	115	10
255	31	9
123	13	3
201	196	4
27	22	7
238	85	10
194	167	9
180	210	4
60	98	10
33	169	10
274	22	5
186	179	4
264	44	10
157	121	9
63	179	4
241	178	10
180	191	4
222	179	4
123	99	10
138	131	10
83	92	9
262	92	9
158	148	10
23	13	6
39	13	6
256	142	3
270	104	4
244	186	10
140	62	10
7	240	10
173	120	10
245	13	6
205	34	5
241	118	10
203	92	9
238	269	10
249	105	4
138	178	10
245	14	10
242	44	10
241	189	10
87	147	7
131	233	4
268	13	6
21	69	7
138	227	10
48	52	9
128	233	4
153	134	7
200	179	4
68	196	4
96	70	10
159	118	10
264	127	10
69	142	3
237	114	7
235	97	7
145	179	4
159	233	4
96	247	10
242	21	10
106	189	10
23	167	9
107	90	10
40	104	4
150	250	9
203	274	10
48	3	4
264	7	10
161	54	4
264	199	10
158	209	10
267	76	10
183	134	5
111	2	10
75	250	2
170	166	4
23	121	9
238	169	10
48	179	4
101	8	7
118	130	10
60	233	4
33	85	10
107	207	10
225	19	8
255	105	4
143	55	9
44	226	4
2	13	6
21	22	5
131	105	4
7	226	8
137	142	6
172	136	7
201	147	7
245	73	10
4	191	4
44	134	7
241	68	10
200	132	6
131	89	7
45	93	4
93	52	0
35	226	4
247	248	7
172	109	9
124	170	10
159	227	10
207	275	4
21	142	6
176	93	4
175	132	6
208	40	10
264	258	10
128	179	4
27	108	4
159	209	10
96	68	10
197	110	10
123	6	3
197	175	10
96	95	10
27	142	6
25	2	10
197	273	10
32	256	7
110	113	4
39	226	4
173	35	10
163	132	6
138	136	7
135	55	9
130	93	4
25	68	10
178	92	9
0	136	7
205	169	10
117	36	7
96	226	4
63	191	4
180	179	4
151	233	4
244	171	10
138	126	10
173	93	4
96	272	10
98	263	8
169	204	4
23	21	10
74	136	7
143	6	6
68	136	7
60	161	10
115	228	4
232	52	9
118	229	4
159	135	10
27	55	9
181	52	9
159	111	10
180	3	4
138	53	10
148	166	4
140	241	10
241	247	10
96	98	10
264	72	10
241	249	10
238	130	10
90	55	9
112	134	7
98	157	10
96	137	10
194	55	9
159	35	10
95	134	5
264	274	10
111	268	10
161	166	4
85	186	10
159	87	10
91	179	4
120	92	9
106	191	4
41	92	9
209	14	10
270	260	10
68	204	4
205	68	10
177	188	4
203	196	4
85	46	5
159	262	10
197	128	10
235	230	4
202	183	10
242	226	4
123	28	10
118	52	9
118	151	10
237	54	4
245	149	10
150	93	4
57	167	9
65	142	6
48	271	9
27	191	4
149	136	7
60	189	10
238	36	5
147	80	10
157	113	4
238	51	10
235	78	10
174	109	9
262	109	9
194	54	4
207	142	6
118	114	7
267	137	10
254	256	7
83	142	6
177	104	4
172	142	6
88	8	7
244	172	10
254	253	8
33	95	10
78	92	9
222	114	7
91	132	6
159	83	10
264	225	10
154	233	4
82	6	3
209	239	10
173	259	10
268	198	7
201	132	6
173	43	10
45	226	4
56	132	3
145	275	8
138	115	10
268	179	4
158	93	4
112	105	8
175	226	4
12	253	4
181	11	7
266	83	10
200	210	4
16	132	6
48	191	4
5	8	7
173	192	10
32	199	10
237	92	9
106	260	10
254	165	9
35	275	4
60	135	10
18	13	6
32	6	6
10	6	6
242	135	10
158	36	5
169	179	4
38	22	7
27	104	4
106	231	10
266	6	6
158	52	9
47	134	5
242	120	10
243	22	7
7	92	9
98	166	4
123	39	10
231	230	4
267	233	4
138	274	10
242	192	10
101	104	4
85	191	4
14	104	4
270	53	10
106	131	10
35	191	4
186	196	4
264	120	10
118	190	10
192	230	4
208	175	10
161	31	9
170	121	9
199	233	4
123	51	10
242	27	10
138	134	7
120	263	4
178	160	7
33	58	5
271	211	2
205	133	10
107	132	6
238	237	10
102	55	9
153	132	6
33	148	10
98	87	10
260	132	6
84	92	9
231	13	6
205	111	10
223	263	4
87	92	9
27	232	10
172	121	9
71	142	3
200	75	9
157	69	7
110	191	4
242	36	5
68	92	9
176	196	4
51	179	4
27	127	10
177	121	9
96	37	10
173	27	10
44	164	9
50	132	6
223	92	9
232	191	4
173	268	10
242	259	10
266	165	9
242	225	10
38	191	4
269	275	4
99	183	10
60	92	9
120	196	4
26	144	10
159	255	10
10	100	4
60	275	8
173	76	10
18	233	4
50	233	4
138	258	10
95	196	4
131	275	4
159	104	4
72	252	9
176	104	4
254	114	7
2	179	4
99	68	10
133	132	6
243	13	6
242	35	10
60	260	10
98	132	6
60	178	10
62	92	9
158	6	6
264	6	6
101	259	10
112	231	10
81	211	9
159	199	10
24	233	4
160	132	3
84	104	4
159	123	5
112	228	8
47	104	4
86	191	4
239	104	4
96	249	10
159	13	6
150	210	4
4	134	7
194	99	10
58	6	3
268	233	4
242	157	10
141	233	4
138	6	6
57	152	4
192	165	9
181	191	4
21	136	7
242	216	8
51	136	7
245	6	6
78	210	4
239	6	6
128	108	4
91	199	10
237	100	4
27	178	10
10	263	8
174	92	9
111	176	10
176	271	9
244	80	10
5	191	4
159	59	10
97	120	10
120	166	4
117	166	4
96	83	10
187	52	9
76	179	4
202	98	10
0	134	7
192	22	7
35	52	9
241	95	10
170	55	9
260	275	4
182	13	3
257	52	9
123	171	10
85	78	10
241	225	10
22	13	3
65	13	6
203	152	8
270	126	10
9	6	6
78	52	9
81	132	6
90	92	9
156	52	9
143	121	9
214	52	9
57	142	6
187	93	4
241	226	4
218	263	4
112	136	7
205	92	9
120	233	4
117	233	4
124	143	10
85	52	9
111	5	10
123	172	10
269	92	9
67	97	7
143	226	4
192	105	4
157	109	9
86	92	9
7	109	9
37	132	6
205	209	10
0	104	4
244	128	10
138	51	10
264	47	10
96	256	7
106	261	7
156	142	6
63	22	7
32	104	4
254	199	10
203	179	4
151	271	9
37	6	6
124	49	10
251	252	0
96	47	10
23	54	4
131	104	4
156	89	7
159	7	10
40	191	4
163	13	6
153	34	5
87	226	4
58	65	10
241	120	10
51	22	5
140	13	6
261	132	3
159	268	10
124	113	4
238	157	10
63	142	6
96	36	5
89	142	3
111	35	10
60	199	10
205	183	10
159	157	10
133	268	10
17	10	10
96	118	10
159	231	10
88	226	4
245	39	10
158	149	10
154	142	6
148	185	4
78	132	6
32	226	4
44	31	9
202	233	4
137	198	7
238	226	4
60	127	10
58	62	10
261	142	3
81	104	4
90	166	4
270	191	4
207	132	6
273	113	4
84	52	9
68	134	5
218	115	10
244	48	10
138	249	10
269	211	9
158	104	4
96	6	6
248	132	3
87	196	4
17	6	6
138	102	10
39	191	4
262	256	7
60	76	10
143	93	4
242	227	10
158	268	10
65	226	4
34	6	3
157	0	10
38	142	6
241	85	10
115	152	4
223	95	10
240	55	9
158	183	10
70	52	9
159	131	10
51	92	9
172	13	6
240	8	7
168	142	6
1	252	9
145	142	6
106	105	8
85	151	10
99	169	10
238	161	10
21	132	6
27	261	7
72	29	4
259	229	4
201	93	4
241	23	10
217	233	4
91	233	4
151	75	9
60	255	10
155	142	3
10	92	9
238	231	10
245	142	6
137	100	4
209	48	10
223	111	10
84	263	4
205	104	4
78	271	9
80	226	4
110	121	9
73	226	4
172	31	9
47	275	4
269	136	7
78	179	4
159	148	10
159	98	10
123	150	10
274	121	9
112	133	10
199	52	9
107	231	10
138	265	7
208	176	10
173	199	10
242	37	10
33	136	7
209	68	10
26	6	3
51	211	9
231	251	4
44	184	9
225	119	8
133	113	4
110	8	7
235	132	6
106	228	8
198	132	3
44	132	6
0	196	8
247	105	4
85	45	10
197	38	10
163	31	9
163	22	5
173	72	10
153	226	4
209	86	10
269	22	7
245	186	10
168	134	5
10	62	10
129	108	4
215	185	4
70	275	4
123	80	10
138	118	10
220	204	4
274	196	4
96	192	10
178	52	9
95	89	7
128	226	4
273	188	4
235	164	9
202	34	5
157	92	9
5	36	5
66	191	4
111	51	10
51	210	4
225	132	6
197	74	10
24	8	7
107	233	4
190	132	6
176	132	6
50	75	9
245	54	4
158	120	10
177	55	9
85	28	10
197	54	4
66	104	4
68	167	9
54	166	1
50	136	7
26	21	10
267	92	9
238	102	10
202	209	10
81	182	7
197	150	10
242	268	10
158	227	10
192	185	4
50	191	4
126	179	4
5	226	4
76	196	4
60	179	4
101	10	10
196	52	0
5	132	6
242	231	10
118	164	9
183	198	7
122	226	4
68	233	4
96	104	4
83	253	4
130	132	6
154	184	9
187	210	4
124	186	10
270	37	10
218	179	4
192	36	7
245	170	10
56	6	3
5	83	10
137	105	4
156	13	6
97	95	10
91	8	7
24	191	4
194	6	6
91	142	6
77	185	4
244	2	10
241	130	10
173	231	10
95	22	7
202	148	10
208	125	10
217	179	4
259	252	9
197	170	10
25	239	10
2	226	4
63	226	4
88	233	4
158	225	10
212	233	4
268	132	6
243	191	4
223	136	7
242	68	10
67	132	6
45	104	4
33	92	9
98	31	9
244	227	10
23	132	6
241	265	5
158	35	10
206	13	3
133	120	10
40	3	4
244	81	10
17	115	10
182	142	3
177	226	4
38	179	4
0	113	4
97	274	10
245	74	10
249	109	9
242	85	10
212	13	6
157	191	4
169	196	4
222	230	4
143	233	4
62	56	5
244	108	4
57	228	4
106	37	10
95	132	6
91	261	7
123	142	3
24	179	4
128	55	9
241	258	10
264	221	10
264	233	4
124	141	10
44	213	5
83	263	4
138	137	10
240	100	8
202	84	10
176	92	9
89	6	3
37	109	9
10	241	10
244	45	10
4	52	9
208	169	10
197	186	10
203	137	10
208	274	10
244	78	10
135	52	9
193	52	0
268	109	9
59	6	6
158	274	10
33	134	7
120	191	4
244	113	4
242	237	10
117	191	4
241	90	10
240	36	5
240	54	4
208	5	10
102	167	9
245	273	10
244	40	10
161	29	4
111	183	10
163	108	4
197	130	10
77	29	4
224	80	10
183	226	4
123	14	10
154	191	4
244	201	10
257	134	7
124	171	10
85	86	10
268	216	4
88	121	9
33	105	8
268	69	7
235	234	8
181	142	6
128	121	9
264	87	10
177	54	4
38	233	4
218	52	9
224	86	10
59	166	4
159	269	10
270	131	10
50	250	9
81	191	4
159	134	7
85	80	10
33	191	4
18	69	7
202	157	10
124	172	10
60	10	10
91	181	10
60	72	10
33	183	10
106	126	10
73	233	4
48	119	4
87	52	9
70	13	6
239	36	5
80	233	4
123	132	3
269	271	9
95	142	6
239	226	4
39	52	9
159	10	10
269	132	6
70	114	7
124	13	6
244	150	10
268	191	4
153	114	7
176	250	9
190	75	9
186	132	6
218	134	7
124	81	10
50	134	7
150	142	6
244	187	10
120	179	4
117	179	4
112	262	10
124	273	10
70	92	9
169	263	4
135	105	4
265	6	3
152	52	0
145	157	10
96	42	10
96	221	10
249	132	6
183	22	7
7	55	9
157	204	4
159	51	10
116	142	3
88	179	4
60	52	9
218	6	6
173	255	10
254	252	9
241	115	10
238	209	10
96	132	6
273	109	9
91	226	4
209	40	10
124	269	10
242	70	10
138	83	10
36	13	3
83	166	4
207	6	6
148	54	4
4	213	5
237	204	4
0	188	4
235	134	7
99	104	4
180	226	4
99	191	4
72	31	9
95	213	5
159	237	10
255	92	9
242	131	10
250	75	2
138	169	10
2	250	9
242	126	10
26	192	10
241	209	10
44	179	4
186	134	7
124	14	10
223	134	7
188	109	0
238	115	10
262	108	4
68	191	4
158	51	10
44	36	7
96	207	10
153	36	5
173	13	6
7	256	7
130	104	4
76	92	9
14	250	9
209	125	10
81	210	4
209	204	4
27	121	9
133	92	9
4	233	4
262	121	9
245	80	10
84	204	4
197	81	10
173	85	10
74	191	4
86	233	4
124	114	7
113	188	1
172	193	4
159	42	10
27	226	4
138	269	10
25	84	10
231	160	7
27	167	9
60	44	10
249	92	9
115	13	6
173	92	9
245	86	10
158	188	4
140	36	5
238	68	10
202	8	7
123	273	10
179	104	1
244	200	10
138	268	10
110	13	6
169	224	5
129	226	4
124	110	10
192	184	9
239	191	4
74	22	5
160	142	3
17	226	4
203	206	7
133	84	10
186	213	5
112	207	10
73	179	4
241	59	10
135	100	4
159	43	10
91	92	9
254	179	4
37	275	4
135	167	9
24	237	10
86	132	6
7	166	4
244	240	10
99	206	7
4	92	9
124	180	10
26	163	10
187	136	7
148	132	6
264	191	4
161	55	9
107	13	6
249	142	6
95	104	4
197	114	7
118	226	8
133	183	10
173	132	6
138	104	4
194	172	10
197	171	10
158	95	10
27	54	4
249	113	4
173	137	10
118	86	10
117	172	10
197	176	10
35	114	7
242	104	4
130	233	4
170	191	4
159	52	9
122	36	7
202	68	10
27	163	10
158	92	9
110	104	4
118	49	10
55	167	2
238	220	10
128	109	9
76	54	4
41	52	9
192	179	4
215	230	4
264	249	10
242	275	8
241	72	10
87	179	4
172	22	7
131	251	4
223	120	10
157	104	4
242	127	10
238	133	10
110	109	9
35	34	5
101	191	4
14	191	4
21	179	4
118	92	9
33	52	9
201	119	4
49	13	6
101	13	6
274	204	4
177	13	6
143	104	4
21	105	4
2	94	7
124	50	10
138	9	10
91	191	4
124	38	10
167	55	2
186	191	4
117	142	6
140	63	10
98	29	4
259	191	4
194	114	7
159	221	10
129	113	4
25	201	10
242	262	10
173	179	4
95	261	7
159	132	6
96	76	10
138	47	10
99	157	10
149	226	4
264	76	10
68	179	4
151	226	4
17	191	4
223	225	10
77	229	4
62	104	4
157	142	6
247	164	9
158	208	7
203	134	7
269	233	4
58	13	3
141	92	9
159	207	10
0	100	8
48	196	4
244	39	10
138	149	10
159	136	7
173	261	7
238	178	10
66	233	4
91	242	10
60	226	4
264	130	10
275	52	0
208	267	10
62	142	6
222	184	9
224	48	10
159	183	10
157	89	7
96	127	10
60	90	10
187	104	4
197	99	10
130	136	7
151	132	6
208	120	10
51	196	4
111	204	4
181	13	6
262	226	8
209	121	9
242	247	10
192	191	4
199	92	9
208	183	10
154	155	7
244	121	9
37	55	9
242	243	10
192	164	9
240	108	4
237	167	9
202	92	9
148	248	7
118	55	9
126	142	6
197	50	10
87	204	4
128	113	4
232	179	4
241	92	9
238	92	9
205	132	6
138	35	10
267	196	4
141	104	4
239	68	10
268	136	7
203	191	4
270	52	9
124	201	10
223	157	10
194	109	9
212	104	4
140	83	10
264	179	4
173	6	6
177	261	7
133	166	4
270	262	10
158	130	10
242	169	10
158	98	10
270	207	10
98	165	9
25	125	10
212	198	7
158	13	6
57	108	4
138	183	10
197	143	10
209	186	10
269	104	4
208	132	3
158	135	10
159	27	10
239	204	8
208	186	10
163	26	7
222	164	9
47	253	4
62	233	4
267	6	6
197	180	10
122	191	4
244	149	10
39	271	9
244	141	10
27	13	6
140	132	6
126	105	4
173	23	10
112	131	10
128	6	6
65	104	4
145	136	7
242	207	10
23	166	4
60	132	6
57	132	6
110	55	9
159	47	10
5	181	10
124	99	10
187	182	7
244	55	9
37	121	9
99	265	7
17	36	5
141	191	4
274	104	4
145	274	10
40	93	4
186	211	9
49	179	4
7	143	10
74	179	4
99	36	5
268	121	9
175	142	6
51	275	4
39	69	7
138	92	9
242	233	4
107	226	4
33	226	4
111	14	10
4	104	4
77	165	9
183	261	7
241	199	10
194	73	10
21	210	4
178	248	7
148	167	9
9	52	9
158	8	7
159	220	10
138	120	10
17	199	10
106	207	10
274	142	6
241	127	10
257	142	6
2	92	9
159	192	10
96	149	10
96	131	10
203	56	5
126	52	9
226	52	0
107	259	10
101	233	4
14	233	4
106	89	7
274	132	6
107	92	9
112	226	4
202	274	10
218	206	7
159	259	10
44	191	4
243	179	4
173	69	7
33	233	4
209	6	6
98	114	7
0	226	4
173	8	7
59	62	10
99	84	10
85	141	10
0	115	10
273	226	4
49	146	4
264	95	10
186	69	7
217	191	4
99	268	10
65	179	4
197	142	6
60	42	10
145	204	8
242	59	10
150	191	4
245	175	10
59	55	9
164	165	2
138	225	10
274	188	8
259	104	4
141	52	9
0	44	10
38	69	7
267	149	10
175	211	9
60	27	10
244	99	10
159	70	10
0	6	6
197	36	5
245	143	10
158	169	10
76	204	4
7	113	4
241	255	10
97	157	10
59	226	8
27	105	4
143	191	4
243	233	4
245	108	4
245	167	9
108	113	1
133	85	10
238	275	8
63	13	6
96	199	10
197	86	10
84	132	6
74	188	4
39	75	9
99	233	4
209	109	9
169	216	4
21	167	9
1	229	4
50	271	9
91	188	4
203	52	9
81	75	9
133	169	10
106	249	10
39	261	7
25	85	10
264	42	10
145	126	10
35	188	8
136	6	3
245	141	10
118	180	10
45	52	9
172	132	6
203	98	10
63	132	6
242	265	5
123	143	10
37	54	4
158	137	10
268	275	4
194	25	10
203	136	7
138	191	4
80	250	9
172	191	4
95	13	6
200	136	7
45	210	4
197	141	10
116	172	10
159	275	8
242	52	9
124	40	10
267	98	10
158	269	10
264	190	10
177	179	4
238	233	4
51	52	9
41	142	6
114	132	3
86	271	9
237	55	9
169	275	4
201	211	9
136	132	3
141	69	7
235	165	9
259	230	4
0	109	9
124	240	10
124	130	10
96	87	10
173	90	10
237	6	6
101	225	10
124	93	8
181	248	7
49	210	4
77	13	6
209	95	10
264	90	10
195	226	4
179	191	1
254	251	4
95	226	4
223	179	4
238	225	10
10	52	9
27	179	4
70	105	4
213	142	3
85	132	6
159	142	6
4	132	6
67	251	4
197	172	10
209	87	10
2	134	7
111	186	10
197	167	9
25	240	10
95	216	4
241	102	10
176	191	4
259	105	4
99	6	6
173	191	4
149	121	9
107	189	10
60	23	10
112	37	10
172	104	4
120	167	9
117	167	9
65	6	6
159	102	10
208	14	10
240	196	4
174	13	6
257	6	6
101	192	10
133	52	9
209	176	10
130	191	4
150	69	7
239	8	7
218	191	4
138	59	10
224	187	10
133	108	4
244	175	10
39	179	4
137	13	6
225	204	4
215	229	4
2	142	6
85	204	4
143	206	5
124	51	10
138	42	10
60	231	10
225	251	4
270	114	7
99	56	5
208	48	10
73	22	5
212	52	9
186	226	4
106	36	5
131	179	4
49	211	9
76	188	8
223	233	4
173	161	10
241	191	4
112	36	5
264	272	10
264	77	10
145	134	7
161	132	6
32	228	8
163	29	4
123	81	10
138	260	10
67	30	8
111	120	10
57	13	6
220	114	7
149	167	9
107	8	7
61	13	3
44	229	4
247	229	4
80	261	7
61	142	3
47	179	4
97	87	10
22	142	3
223	137	10
173	149	10
60	258	10
33	35	10
111	239	10
197	227	10
158	233	4
215	164	9
24	226	4
159	258	10
156	92	9
102	166	4
173	169	10
264	52	9
74	109	9
140	114	7
170	113	4
96	9	10
124	167	9
208	268	10
242	134	7
60	134	7
72	184	9
238	199	10
135	204	4
159	21	10
17	233	4
175	210	4
0	10	10
170	179	4
21	206	7
270	133	10
205	76	10
239	123	5
170	22	5
264	92	9
84	196	4
81	93	4
123	40	10
173	115	10
96	72	10
173	87	10
262	52	9
107	199	10
1	13	6
97	132	3
231	105	4
96	220	10
33	274	10
260	191	4
259	100	4
151	3	4
101	160	7
166	54	1
176	75	9
242	47	10
7	128	10
21	13	6
187	211	9
183	182	7
270	189	10
267	134	7
209	113	4
111	6	6
173	249	10
173	111	10
159	37	10
138	148	10
9	108	4
239	85	10
273	121	9
154	104	4
60	183	10
129	191	4
17	8	7
201	75	9
242	132	6
49	69	7
138	135	10
245	187	10
192	55	9
17	179	4
101	93	4
159	53	10
96	190	10
264	262	10
107	56	5
149	188	4
85	196	4
78	104	4
45	211	9
259	165	9
19	75	0
170	233	4
174	121	9
2	136	7
220	52	9
4	142	6
107	142	6
145	260	10
48	93	4
60	115	10
33	196	4
60	209	10
202	225	10
46	132	3
124	238	10
124	74	10
138	243	10
88	108	4
12	198	7
244	109	9
244	4	10
203	132	6
124	176	10
25	40	10
198	142	3
255	109	9
112	43	10
85	263	4
228	52	0
242	258	10
197	14	10
65	191	4
95	92	9
27	109	9
45	136	7
254	56	5
172	216	8
200	104	4
145	36	5
177	89	7
255	113	4
68	216	4
138	90	10
242	220	10
49	226	4
199	142	6
262	6	6
33	137	10
118	186	10
202	104	4
95	52	9
264	247	10
225	167	9
143	108	4
245	38	10
111	40	10
123	151	10
241	44	10
118	28	10
238	98	10
181	226	4
264	220	10
242	249	10
170	188	4
223	87	10
2	196	4
266	181	10
123	187	10
239	233	4
134	132	3
45	92	9
70	142	6
59	92	9
186	142	6
202	120	10
264	118	10
197	51	10
200	52	9
231	229	4
161	142	6
107	131	10
7	167	9
158	261	7
173	118	10
17	52	9
260	210	4
266	63	10
99	93	4
145	92	9
111	196	8
86	250	9
264	275	8
242	92	9
60	272	10
266	232	10
0	233	4
242	274	10
60	190	10
96	179	4
38	93	4
136	142	3
145	132	6
267	226	4
136	13	3
274	113	4
159	120	10
50	104	4
240	109	9
192	54	4
242	9	10
76	226	4
86	93	4
74	93	4
60	136	7
145	269	10
215	184	9
138	220	10
177	109	9
266	199	10
17	261	7
238	262	10
245	40	10
267	275	8
241	221	10
57	113	4
35	6	6
60	126	10
267	204	8
62	263	4
145	243	10
187	191	4
21	55	9
51	226	4
60	192	10
208	201	10
255	188	8
197	269	10
123	176	10
68	226	4
139	256	7
33	206	7
266	164	9
245	240	10
270	105	8
241	84	10
241	36	5
14	19	4
222	229	4
62	13	6
207	13	6
215	165	9
208	35	10
14	93	4
48	211	9
149	113	4
274	226	4
173	47	10
194	179	4
98	113	4
254	142	6
159	130	10
111	125	10
264	23	10
0	195	10
173	36	5
173	77	10
169	92	9
76	191	4
133	157	10
102	142	6
2	213	5
120	275	4
62	191	4
159	92	9
244	136	7
51	271	9
159	225	10
264	83	10
197	48	10
180	104	4
83	105	4
159	44	10
264	265	7
187	75	9
86	52	9
25	76	10
95	22	5
8	6	3
238	84	10
170	8	7
91	36	5
38	132	6
128	104	4
180	250	9
141	213	5
60	111	10
242	118	10
91	104	4
157	263	4
238	268	10
23	142	6
195	191	4
74	108	4
32	56	5
56	13	3
60	133	10
264	243	10
26	142	3
197	93	8
154	185	4
190	93	4
35	233	4
202	134	7
247	29	4
159	272	10
192	251	4
74	134	5
141	226	4
98	68	10
268	226	4
175	179	4
186	75	9
138	263	4
274	92	9
147	180	10
27	22	5
262	275	4
44	275	4
184	252	2
240	233	4
172	113	4
235	251	4
95	204	4
244	166	4
239	52	9
266	241	10
241	53	10
85	233	4
268	108	4
138	44	10
159	169	10
133	121	9
243	22	5
205	135	10
118	275	4
17	209	10
264	68	10
106	233	4
97	84	10
104	179	1
255	13	6
131	13	6
238	271	9
244	51	10
84	179	4
33	268	10
9	113	4
123	170	10
218	152	8
60	51	10
173	95	10
159	126	10
197	240	10
183	191	4
60	59	10
209	196	8
264	207	10
60	191	4
51	104	4
60	104	4
51	191	4
235	185	4
47	132	6
194	166	4
124	190	10
21	226	4
116	13	3
267	97	5
123	45	10
138	23	10
85	269	10
88	54	4
259	251	4
51	75	9
256	6	3
143	113	4
247	132	6
85	49	10
68	55	9
238	47	10
33	179	4
63	113	4
242	111	10
118	171	10
5	206	7
131	252	9
18	191	4
91	206	7
3	75	0
238	135	10
264	192	10
44	142	6
157	132	6
242	102	10
195	185	4
60	221	10
98	275	4
35	109	9
268	92	9
60	68	10
112	189	10
101	36	5
